matrix([[0.333333333333333333333333333333333333, 0.166666666666666666666666666666666667, 0.166666666666666666666666666666666667, 0.333333333333333333333333333333333333]])
matrix([[0.333333333333333333333333333333333333, 0.166666666666666666666666666666666667, 0.166666666666666666666666666666666667, 0.333333333333333333333333333333333333]])
matrix([[0.166666666666666666666666666666666667, 0.333333333333333333333333333333333333, 0.333333333333333333333333333333333333, 0.166666666666666666666666666666666667]])
matrix([[0.166666666666666666666666666666666667, 0.333333333333333333333333333333333333, 0.333333333333333333333333333333333333, 0.166666666666666666666666666666666667]])
matrix([[0.333333333333333333333333333333333333, 0.333333333333333333333333333333333333, 0.166666666666666666666666666666666667, 0.166666666666666666666666666666666667]])
matrix([[0.333333333333333333333333333333333333, 0.333333333333333333333333333333333333, 0.166666666666666666666666666666666667, 0.166666666666666666666666666666666667]])
matrix([[0.166666666666666666666666666666666667, 0.166666666666666666666666666666666667, 0.333333333333333333333333333333333333, 0.333333333333333333333333333333333333]])
matrix([[0.166666666666666666666666666666666667, 0.166666666666666666666666666666666667, 0.333333333333333333333333333333333333, 0.333333333333333333333333333333333333]])
matrix([[0.25, 0.25, 0.25, 0.25]])
matrix([[0.25, 0.25, 0.25, 0.25]])
matrix([[0.25, 0.25, 0.25, 0.25]])
matrix([[0.25, 0.25, 0.25, 0.25]])
matrix([[0.166666666666666666666666666666666667, 0.333333333333333333333333333333333333, 0, 0.5]])
matrix([[0.166666666666666666666666666666666667, 0.333333333333333333333333333333333333, 0, 0.5]])
matrix([[-0.166666666666666666666666666666666667, 0.666666666666666666666666666666666667, 0, 0.5]])
matrix([[-0.166666666666666666666666666666666667, 0.666666666666666666666666666666666667, 0, 0.5]])
matrix([[0.166666666666666666666666666666666667, 0.5, 0, 0.333333333333333333333333333333333333]])
matrix([[0.166666666666666666666666666666666667, 0.5, 0, 0.333333333333333333333333333333333333]])
matrix([[-0.166666666666666666666666666666666667, 0.5, 0, 0.666666666666666666666666666666666667]])
matrix([[-0.166666666666666666666666666666666667, 0.5, 0, 0.666666666666666666666666666666666667]])
matrix([[0, 0.5, 0, 0.5]])
matrix([[0, 0.5, 0, 0.5]])
matrix([[0, 0.5, 0, 0.5]])
matrix([[0, 0.5, 0, 0.5]])
