             -0.195312500000000E-03             -0.434027777777780E-02              0.260416666666668E-02              0.347222222222224E-02             -0.173611111111112E-02              0.234375000000000E-02              0.520833333333335E-01             -0.312500000000000E-01             -0.416666666666668E-01              0.208333333333334E-01              0.234375000000000E-02              0.520833333333334E-01             -0.312500000000000E-01             -0.416666666666667E-01              0.208333333333334E-01
              0.251736111111111E-02              0.295138888888890E-01             -0.312500000000001E-01             -0.694444444444447E-02              0.694444444444446E-02             -0.302083333333333E-01             -0.354166666666667E+00              0.375000000000000E+00              0.833333333333334E-01             -0.833333333333334E-01             -0.302083333333333E-01             -0.354166666666667E+00              0.375000000000000E+00              0.833333333333334E-01             -0.833333333333333E-01
             -0.463107638888890E-01             -0.538085522640943E-17              0.572916666666668E-01              0.424445072710064E-17             -0.104166666666667E-01              0.555729166666668E+00             -0.214334722809579E-15             -0.687500000000001E+00              0.103697914452836E-15              0.125000000000000E+00              0.555729166666667E+00              0.118346690472195E-15             -0.687500000000000E+00             -0.366219400483993E-16              0.125000000000000E+00
              0.251736111111111E-02             -0.295138888888890E-01             -0.312500000000000E-01              0.694444444444447E-02              0.694444444444445E-02             -0.302083333333333E-01              0.354166666666667E+00              0.375000000000000E+00             -0.833333333333335E-01             -0.833333333333334E-01             -0.302083333333333E-01              0.354166666666667E+00              0.375000000000000E+00             -0.833333333333334E-01             -0.833333333333333E-01
             -0.195312500000000E-03              0.434027777777779E-02              0.260416666666667E-02             -0.347222222222223E-02             -0.173611111111111E-02              0.234375000000000E-02             -0.520833333333334E-01             -0.312500000000000E-01              0.416666666666667E-01              0.208333333333334E-01              0.234375000000000E-02             -0.520833333333333E-01             -0.312500000000000E-01              0.416666666666667E-01              0.208333333333333E-01
              0.390625000000000E-03              0.868055555555559E-02             -0.520833333333335E-02             -0.694444444444447E-02              0.347222222222223E-02             -0.937499999999997E-02             -0.208333333333333E+00              0.125000000000000E+00              0.166666666666667E+00             -0.833333333333333E-01             -0.468749999999999E-02             -0.104166666666667E+00              0.624999999999999E-01              0.833333333333333E-01             -0.416666666666667E-01
             -0.503472222222222E-02             -0.590277777777779E-01              0.625000000000001E-01              0.138888888888889E-01             -0.138888888888889E-01              0.120833333333333E+00              0.141666666666667E+01             -0.150000000000000E+01             -0.333333333333333E+00              0.333333333333333E+00              0.604166666666665E-01              0.708333333333333E+00             -0.749999999999998E+00             -0.166666666666667E+00              0.166666666666666E+00
              0.926215277777779E-01              0.338592322903625E-16             -0.114583333333333E+00             -0.162068146968575E-16              0.208333333333334E-01             -0.222291666666667E+01             -0.548943606620218E-15              0.275000000000000E+01              0.663049861928914E-16             -0.499999999999999E+00             -0.111145833333333E+01             -0.510394196042954E-15              0.137500000000000E+01              0.109480326039425E-15             -0.250000000000000E+00
             -0.503472222222222E-02              0.590277777777779E-01              0.625000000000000E-01             -0.138888888888889E-01             -0.138888888888889E-01              0.120833333333333E+00             -0.141666666666667E+01             -0.150000000000000E+01              0.333333333333333E+00              0.333333333333333E+00              0.604166666666665E-01             -0.708333333333333E+00             -0.749999999999999E+00              0.166666666666666E+00              0.166666666666666E+00
              0.390624999999999E-03             -0.868055555555558E-02             -0.520833333333333E-02              0.694444444444446E-02              0.347222222222222E-02             -0.937499999999998E-02              0.208333333333333E+00              0.125000000000000E+00             -0.166666666666666E+00             -0.833333333333332E-01             -0.468749999999999E-02              0.104166666666667E+00              0.624999999999999E-01             -0.833333333333332E-01             -0.416666666666666E-01
              0.449218749999998E-02              0.998263888888889E-01             -0.598958333333332E-01             -0.798611111111111E-01              0.399305555555555E-01              0.703124999999997E-02              0.156250000000000E+00             -0.937499999999998E-01             -0.125000000000000E+00              0.624999999999999E-01              0.234374999999999E-02              0.520833333333333E-01             -0.312500000000000E-01             -0.416666666666666E-01              0.208333333333333E-01
             -0.578993055555553E-01             -0.678819444444444E+00              0.718749999999999E+00              0.159722222222222E+00             -0.159722222222222E+00             -0.906249999999996E-01             -0.106250000000000E+01              0.112500000000000E+01              0.250000000000000E+00             -0.249999999999999E+00             -0.302083333333332E-01             -0.354166666666666E+00              0.374999999999999E+00              0.833333333333333E-01             -0.833333333333331E-01
              0.106514756944444E+01              0.849291701780311E-15             -0.131770833333333E+01             -0.329778160797674E-15              0.239583333333333E+00              0.166718750000000E+01              0.142941214420489E-14             -0.206250000000000E+01             -0.503069808033274E-15              0.374999999999999E+00              0.555729166666665E+00              0.725114412958306E-15             -0.687499999999998E+00             -0.197758476261356E-15              0.125000000000000E+00
             -0.578993055555554E-01              0.678819444444444E+00              0.718749999999999E+00             -0.159722222222222E+00             -0.159722222222222E+00             -0.906249999999997E-01              0.106250000000000E+01              0.112500000000000E+01             -0.249999999999999E+00             -0.249999999999999E+00             -0.302083333333332E-01              0.354166666666666E+00              0.374999999999999E+00             -0.833333333333331E-01             -0.833333333333331E-01
              0.449218749999998E-02             -0.998263888888888E-01             -0.598958333333332E-01              0.798611111111110E-01              0.399305555555555E-01              0.703124999999997E-02             -0.156250000000000E+00             -0.937499999999998E-01              0.125000000000000E+00              0.624999999999998E-01              0.234374999999999E-02             -0.520833333333333E-01             -0.312499999999999E-01              0.416666666666666E-01              0.208333333333333E-01
