              0.100000000000000E+01              0.100000000000000E+01              0.100000000000000E+01              0.100000000000000E+01              0.100000000000000E+01              0.100000000000000E+01              0.100000000000000E+01              0.100000000000000E+01              0.100000000000000E+01              0.100000000000000E+01              0.100000000000000E+01              0.100000000000000E+01
              0.436170687614674E+00              0.150726411972947E+00              0.212182298462261E+00             -0.550957203836331E-02              0.273016306218780E+00             -0.107032763010505E+00              0.202968399485655E+00             -0.293380357603181E+00             -0.178939957647946E+00             -0.425913497517740E+00             -0.249705067083311E+00             -0.352864549813201E+00
              0.190244868734257E+00              0.227184512662384E-01              0.450213277807278E-01              0.303553840459148E-04              0.745379034613466E-01              0.114560123576630E-01              0.411961711897684E-01              0.860720342273706E-01              0.320195084430487E-01              0.181402307367794E+00              0.623526205270806E-01              0.124513390514873E+00
              0.829792352109845E-01              0.342427064494236E-02              0.955272880833766E-02             -0.167245175153152E-06              0.203500630763089E-01             -0.122616865572316E-02              0.836152093132434E-02             -0.252518441812592E-01             -0.572956948470719E-02             -0.772616911888054E-01             -0.155697652915349E-01             -0.439363614897461E-01
              0.361931100797149E-01              0.516128027936449E-03              0.202691995513974E-02              0.921449340574979E-09              0.555589905241303E-02              0.131240219138927E-03              0.169712452069670E-02              0.740839507603765E-02              0.102524892093447E-02              0.329067971183597E-01              0.388784928659412E-02              0.155035844175093E-01
              0.249999999999999E+00             -0.250000000000001E+00             -0.416666666666668E+00             -0.250000000000003E+00              0.249999999999997E+00             -0.212036978764234E-14              0.416666666666664E+00              0.416666666666666E+00              0.166666666666663E+00             -0.424073957528469E-14             -0.416666666666668E+00             -0.166666666666669E+00
              0.109042671903668E+00             -0.376816029932368E-01             -0.884092910259422E-01              0.137739300959085E-02              0.682540765546942E-01              0.226949036975359E-15              0.845701664523557E-01             -0.122241815667992E+00             -0.298233262746569E-01              0.180618822457140E-14              0.104043777951380E+00              0.588107583022011E-01
              0.475612171835642E-01             -0.567961281655963E-02             -0.187588865753033E-01             -0.758884601147881E-05              0.186344758653364E-01             -0.242909824900460E-16              0.171650713290701E-01              0.358633475947377E-01              0.533658474050799E-02             -0.769279943902562E-15             -0.259802585529504E-01             -0.207522317524792E-01
              0.207448088027461E-01             -0.856067661235594E-03             -0.398030367014071E-02              0.418112937882885E-07              0.508751576907716E-02              0.259993097214942E-17              0.348396705471845E-02             -0.105216017421913E-01             -0.954928247451175E-03              0.327646711477791E-15              0.648740220480622E-02              0.732272691495779E-02
              0.904827751992869E-02             -0.129032006984113E-03             -0.844549981308226E-03             -0.230362335143748E-09              0.138897476310324E-02             -0.278277795585742E-18              0.707135216956956E-03              0.308683128168235E-02              0.170874820155740E-03             -0.139549156835692E-15             -0.161993720274756E-02             -0.258393073625159E-02
              0.624999999999996E-01              0.625000000000007E-01              0.173611111111112E+00              0.625000000000017E-01              0.624999999999986E-01              0.449596803634644E-29              0.173611111111109E+00              0.173611111111111E+00              0.277777777777764E-01              0.179838721453858E-28              0.173611111111112E+00              0.277777777777786E-01
              0.272606679759170E-01              0.942040074830926E-02              0.368372045941427E-01             -0.344348252397716E-03              0.170635191386734E-01             -0.481215881337076E-30              0.352375693551480E-01             -0.509340898616633E-01             -0.497055437910937E-02             -0.765957388435312E-29             -0.433515741464084E-01             -0.980179305036698E-02
              0.118903042958910E-01              0.141990320413992E-02              0.781620273970975E-02              0.189721150286973E-05              0.465861896633406E-02              0.515058653840427E-31              0.715211305377915E-02              0.149430614978074E-01              0.889430790084643E-03              0.326231590258038E-29              0.108251077303960E-01              0.345870529207991E-02
              0.518620220068650E-02              0.214016915308900E-03              0.165845986255863E-02             -0.104528234470723E-07              0.127187894226927E-02             -0.551281508330123E-32              0.145165293946601E-02             -0.438400072591305E-02             -0.159154707908525E-03             -0.138946437607575E-29             -0.270308425200260E-02             -0.122045448582631E-02
              0.226206937998216E-02              0.322580017460284E-04              0.351895825545096E-03              0.575905837859378E-10              0.347243690775806E-03              0.590051830331719E-33              0.294639673732063E-03              0.128617970070098E-02              0.284791366926227E-04              0.591791632090729E-30              0.674973834478150E-03              0.430655122708605E-03
